0.000000000000000000e+00,0.000000000000000000e+00
1.396263401595463582e+00,9.698463103929541029e-01
2.792526803190927165e+00,1.169777784405110765e-01
4.188790204786390525e+00,7.499999999999995559e-01
5.585053606381854330e+00,4.131759111665351814e-01
6.981317007977318134e+00,4.131759111665345707e-01
8.377580409572781051e+00,7.500000000000008882e-01
9.773843811168244855e+00,1.169777784405104798e-01
1.117010721276370866e+01,9.698463103929543250e-01
1.256637061435917246e+01,2.399615652258972173e-31
